5
5.0016
5.008
5.0144
5.02
5.0208
5.0254
5.0273
5.0338
5.04
5.0402
5.0467
5.05
5.05
5.0565
5.0566
5.063
5.0696
5.0761
5.0827
5.088
5.0892
5.0958
5.1024
5.109
5.1157
5.1198
5.1223
5.1289
5.1356
5.1423
5.149
5.1519
5.1557
5.1624
5.1691
5.1759
5.1826
5.1843
5.1894
5.1962
5.2
5.203
5.2098
5.2166
5.217
5.2234
5.2303
5.2371
5.24
5.244
5.25
5.2509
5.2578
5.2647
5.2717
5.2786
5.2833
5.2855
5.2925
5.2995
5.3
5.3065
5.3135
5.3169
5.3205
5.3276
5.3346
5.3417
5.3488
5.3509
5.3559
5.363
5.3701
5.3773
5.3844
5.3852
5.3916
5.3988
5.4096
5.4168
5.4198
5.424
5.428
5.4313
5.4385
5.4458
5.45
5.4531
5.4547
5.4604
5.4677
5.4751
5.4824
5.4898
5.49
5.4972
5.5
5.5046
5.512
5.5194
5.5256
5.5268
5.5343
5.5418
5.5493
5.55
5.5568
5.56
5.5616
5.5643
5.5718
5.5794
5.58
5.5869
5.5945
5.598
5.6021
5.6097
5.6173
5.625
5.6326
5.6347
5.6403
5.648
5.6557
5.6634
5.6711
5.6717
5.6789
5.6867
5.6944
5.7
5.7022
5.7091
5.7101
5.7179
5.7257
5.7336
5.7415
5.7469
5.7494
5.7573
5.7652
5.7732
5.7811
5.7851
5.7931
5.8011
5.8091
5.8171
5.8237
5.8252
5.8333
5.8414
5.8495
5.8576
5.8626
5.8657
5.8739
5.882
5.8902
5.8984
5.902
5.9067
5.9149
5.9232
5.9314
5.9397
5.94
5.9417
5.948
5.95
5.9564
5.9647
5.9731
5.9815
5.9819
5.9898
5.9983
6.0067
6.0151
6.0224
6.0236
6.0321
6.0406
6.0491
6.0577
6.06
6.0634
6.0662
6.0748
6.0834
6.092
6.1
6.1007
6.1048
6.1093
6.118
6.12
6.1267
6.1354
6.1441
6.1466
6.1528
6.1616
6.163
6.1704
6.1792
6.188
6.1888
6.19
6.1968
6.2057
6.219
6.22
6.2279
6.2315
6.2368
6.2458
6.2547
6.2637
6.2727
6.2747
6.2818
6.2908
6.2999
6.3089
6.318
6.3182
6.3272
6.33
6.3363
6.3454
6.3546
6.3623
6.3638
6.373
6.3823
6.3915
6.4008
6.4068
6.4101
6.4194
6.4288
6.4381
6.4475
6.4518
6.4569
6.4663
6.47
6.4758
6.4853
6.4947
6.4972
6.5
6.5042
6.5138
6.5233
6.53
6.5329
6.54
6.5425
6.5431
6.5521
6.5617
6.5714
6.581
6.5896
6.5907
6.6005
6.6102
6.62
6.6297
6.63
6.6365
6.6395
6.6494
6.6592
6.6691
6.679
6.6839
6.6939
6.7
6.7038
6.7138
6.7238
6.7319
6.7338
6.7438
6.7539
6.764
6.7741
6.7803
6.7842
6.7944
6.8
6.8045
6.8147
6.8249
6.8293
6.8352
6.8455
6.8557
6.8661
6.8764
6.8788
6.8867
6.8971
6.9075
6.918
6.9284
6.9289
6.9389
6.9494
6.9599
6.97
6.9705
6.9795
6.981
6.9916
7.0023
7.01
7.0129
7.0236
7.0307
7.0343
7.045
7.0557
7.06
7.0665
7.0773
7.0824
7.0881
7.099
7.1
7.1098
7.1207
7.13
7.1316
7.1347
7.1426
7.1535
7.1645
7.1756
7.1866
7.1876
7.1977
7.2088
7.2255
7.2366
7.2411
7.2478
7.259
7.2703
7.2815
7.2928
7.2952
7.3
7.3041
7.3155
7.3269
7.3383
7.3497
7.3499
7.3611
7.3726
7.3841
7.3956
7.4052
7.4072
7.41
7.4188
7.4304
7.442
7.4537
7.4612
7.4654
7.47
7.4771
7.4889
7.5
7.5007
7.5125
7.5178
7.5243
7.5362
7.5481
7.55
7.56
7.5719
7.575
7.5839
7.5959
7.6079
7.62
7.62
7.6321
7.6329
7.6442
7.6564
7.6685
7.6808
7.6915
7.693
7.7
7.7053
7.7176
7.7299
7.7422
7.7508
7.7546
7.76
7.767
7.7795
7.7919
7.8
7.8045
7.8107
7.8233
7.8358
7.8485
7.8611
7.8713
7.8738
7.8865
7.89
7.8992
7.912
7.9248
7.9327
7.9376
7.9504
7.96
7.9633
7.9763
7.9892
7.9948
8
8.0022
8.0152
8.0283
8.0413
8.0545
8.0576
8.0676
8.07
8.0808
8.094
8.1
8.1072
8.1205
8.1211
8.1338
8.1471
8.15
8.1605
8.168
8.1739
8.1854
8.1874
8.2
8.2008
8.21
8.2143
8.2279
8.2415
8.2551
8.2687
8.27
8.2824
8.2961
8.3098
8.3236
8.333
8.3374
8.35
8.3513
8.3652
8.3791
8.393
8.4
8.407
8.421
8.4351
8.4492
8.4633
8.4775
8.4917
8.5059
8.5202
8.5345
8.5488
8.5632
8.5776
8.5921
8.6
8.6066
8.61
8.6211
8.6356
8.6502
8.6649
8.6796
8.6943
8.709
8.7238
8.7386
8.7466
8.7535
8.7684
8.7833
8.7983
8.81
8.8133
8.8284
8.8435
8.8586
8.8738
8.889
8.9042
8.9195
8.9348
8.9502
8.9656
8.9811
8.9966
9.0121
9.02
9.0277
9.0433
9.0589
9.0746
9.0903
9.098
9.1061
9.1219
9.1378
9.1537
9.1696
9.1856
9.192
9.2016
9.2177
9.2338
9.2499
9.2661
9.2824
9.2987
9.3
9.315
9.3313
9.3477
9.3642
9.3807
9.3972
9.4138
9.4304
9.4471
9.4638
9.4806
9.4974
9.5142
9.5311
9.5481
9.562
9.5651
9.5821
9.5992
9.6163
9.63
9.633
9.6335
9.6507
9.6679
9.6725
9.6852
9.7026
9.72
9.7375
9.7549
9.7725
9.7901
9.8077
9.8254
9.8431
9.8609
9.8788
9.8966
9.9146
9.9326
9.94
9.9506
9.9686
9.9868
10
